camera_matrix:
- - 847.9634327775001
  - 0.0
  - 412.3714161649185
- - 0.0
  - 849.2601882935313
  - 234.65295284853602
- - 0.0
  - 0.0
  - 1.0
dist_coeff:
- - 14.282558445834363
  - 92.0712345986612
  - -0.0033048701579003826
  - -0.008764226548770569
  - 28.053834473149692
  - 14.30872670737494
  - 88.85820478910642
  - 35.02201626455479
  - 0.0
  - 0.0
  - 0.0
  - 0.0
  - 0.0
  - 0.0
