camera_matrix:
- - 869.8272045370707
  - 0.0
  - 424.41577727710813
- - 0.0
  - 868.415961094982
  - 234.88401342560996
- - 0.0
  - 0.0
  - 1.0
dist_coeff:
- - -2.1837874488500764
  - 70.16675150019708
  - -0.009032090047561822
  - -0.005413766679154872
  - 87.83738829472411
  - -2.1943795083996407
  - 68.85094288616146
  - 89.66534553971783
  - 0.0
  - 0.0
  - 0.0
  - 0.0
  - 0.0
  - 0.0
